21 1001
2 26
3 21
6 5
12 17
26 1
40 21
49 34
12 22
31 45
49 45
4 37
35 41
3 6
20 18
26 2
27 37
9 27
33 29
46 14
17 45
17 23
2 6 15
1 14 10 11
1 2 49 16
1 7 24 4
1 2 5 29
1 7 7 41
2 1 18
1 2 23 33
2 4 6
1 13 8 29
1 7 41 22
2 9 13
1 14 9 7
1 7 39 36
2 7 8
1 15 8 22
1 16 23 39
2 1 2
1 15 25 11
2 9 9
2 2 5
2 3 15
2 6 21
1 18 34 37
2 2 7
1 10 36 30
1 12 23 19
1 3 46 15
1 21 14 10
1 4 11 15
2 2 5
1 10 17 35
1 17 5 34
1 4 21 38
2 11 13
2 5 12
1 2 11 14
2 3 3
2 13 15
2 7 19
2 4 6
2 14 14
2 13 21
1 2 15 22
2 3 5
1 18 12 39
2 2 16
1 3 15 43
1 5 39 12
2 3 7
1 18 43 25
1 12 45 40
2 14 19
1 21 50 38
1 9 29 43
1 8 30 18
2 5 8
2 5 7
1 7 25 37
1 14 33 46
1 5 27 8
2 3 4
1 4 36 37
2 3 8
2 2 11
1 16 39 10
2 7 11
2 2 2
2 10 15
1 17 19 49
1 7 35 14
2 18 21
2 7 17
1 19 39 4
1 5 44 3
1 14 28 13
1 15 40 19
2 2 14
2 2 9
1 8 24 38
1 18 42 22
1 18 32 42
1 9 37 37
2 8 10
2 6 15
1 5 44 32
1 18 35 27
2 10 21
1 4 35 8
1 15 10 26
1 8 21 14
1 16 46 38
2 16 21
1 6 4 37
2 6 14
2 1 17
2 4 5
1 19 48 10
1 13 37 1
2 2 9
2 1 1
1 11 16 39
1 17 42 9
1 16 48 16
2 6 13
1 18 13 39
1 6 1 47
1 14 8 19
2 9 9
1 21 15 2
2 9 10
2 13 14
1 7 34 2
1 12 32 38
2 4 6
2 1 1
2 4 14
2 5 17
1 11 41 50
2 11 19
2 1 2
2 12 21
1 6 25 32
2 11 18
1 16 38 29
2 16 20
1 18 4 48
1 19 40 46
1 5 34 22
2 4 9
2 11 18
2 2 4
1 20 3 21
2 12 20
1 17 7 1
1 2 50 19
2 19 19
1 3 2 40
1 7 33 14
1 11 45 40
1 12 26 15
2 12 16
1 14 14 41
1 4 3 3
1 13 43 23
1 20 24 10
2 2 20
2 1 1
2 3 3
1 5 49 44
2 5 13
2 5 7
1 8 21 35
1 17 27 33
1 11 6 2
2 2 2
1 1 18 23
1 19 35 39
2 4 7
1 2 48 24
2 8 11
2 6 7
2 6 18
2 2 7
2 1 1
1 10 44 24
2 1 9
2 16 16
1 18 30 7
1 9 29 46
2 1 1
2 5 11
1 13 24 24
2 9 21
2 3 9
1 2 7 13
1 16 38 50
2 9 17
2 2 2
1 20 10 41
1 4 42 22
1 2 47 9
1 4 22 19
2 7 15
2 2 3
2 13 14
1 7 49 20
2 20 20
1 13 40 37
1 13 8 46
2 1 5
1 8 29 5
1 18 48 19
2 2 10
2 1 2
1 4 36 12
1 4 22 14
1 14 12 12
2 5 13
1 20 50 31
1 18 41 33
1 13 48 43
1 21 24 11
1 2 48 44
2 7 8
1 21 25 48
1 8 9 38
2 3 4
2 4 4
1 20 50 47
2 1 6
1 4 3 5
1 7 1 48
1 8 34 2
1 8 29 34
1 6 50 15
1 7 30 4
1 16 6 34
2 2 2
2 1 5
2 3 10
2 11 12
1 6 23 21
2 11 16
2 7 21
2 2 2
2 9 16
1 14 24 10
2 1 1
2 7 21
1 5 34 2
2 9 19
2 9 21
2 1 19
1 2 13 11
1 12 44 41
2 1 1
2 2 13
2 1 6
2 7 9
2 1 3
1 21 4 17
1 20 5 15
1 15 27 7
1 4 2 43
2 3 14
1 5 25 50
1 12 40 46
2 5 14
2 2 14
1 10 42 49
2 10 14
2 4 6
2 8 10
2 3 3
2 1 13
2 4 11
1 2 2 4
2 8 11
1 5 18 4
2 2 3
2 9 19
2 16 17
2 11 12
1 19 10 28
2 9 11
2 2 2
1 4 46 39
2 1 1
2 3 13
2 1 5
1 12 44 41
1 1 21 13
2 5 6
2 12 12
2 7 12
1 5 7 6
1 21 41 11
2 2 2
1 5 24 49
2 7 8
2 1 6
1 11 8 15
1 18 2 2
1 8 14 15
2 1 1
2 1 9
1 9 10 5
2 9 9
1 16 46 12
1 6 4 46
2 3 11
1 9 41 10
2 4 7
2 5 5
1 12 18 6
1 15 10 16
1 19 2 9
2 11 12
1 10 48 40
2 5 16
1 10 6 50
1 20 17 11
2 7 21
1 19 31 17
2 2 11
2 13 17
1 6 42 14
2 2 17
1 10 1 33
2 1 2
2 3 19
1 9 46 5
1 18 36 21
2 14 21
1 15 38 28
1 4 43 36
1 17 10 48
2 2 2
1 5 1 47
1 16 9 27
2 2 2
1 17 33 33
1 9 16 22
1 1 2 43
1 10 39 13
2 3 4
1 8 35 31
1 8 38 49
1 1 12 13
1 7 47 35
2 1 20
1 14 18 6
2 10 13
1 13 46 40
1 6 34 25
1 15 37 46
1 11 48 38
2 1 1
2 1 3
2 4 8
1 14 27 43
2 13 19
2 8 8
2 12 12
2 1 2
2 9 9
1 16 9 26
2 7 19
1 8 25 1
2 2 7
1 5 27 18
1 13 20 31
1 5 4 2
2 4 5
1 12 46 45
1 2 26 27
2 13 14
2 3 16
1 8 39 15
2 6 7
1 21 40 39
1 16 40 10
2 7 9
2 3 4
2 1 4
1 20 41 17
1 20 43 35
2 19 20
1 3 8 9
1 15 49 47
1 7 8 39
1 19 4 34
1 12 1 11
2 3 16
2 9 13
1 13 14 25
2 11 19
1 17 37 20
2 2 10
1 15 50 1
2 6 16
2 4 4
2 1 17
2 3 4
2 4 12
1 17 43 14
2 18 19
2 6 8
2 6 6
1 6 26 16
2 1 4
2 10 10
1 11 49 42
2 4 10
1 10 31 39
1 6 1 33
1 10 48 16
2 5 5
2 5 17
2 11 18
1 4 26 40
1 6 33 22
2 6 15
2 16 17
2 16 20
1 14 38 20
2 18 21
2 1 16
2 4 8
2 8 21
1 7 29 37
1 12 49 31
1 17 21 22
1 17 28 1
2 5 12
2 5 10
1 4 11 10
1 5 45 38
2 1 3
1 5 3 24
2 1 4
1 1 16 12
1 15 14 4
2 5 16
1 8 20 18
2 1 7
1 12 41 25
1 16 47 26
2 8 9
2 5 15
1 4 13 35
2 14 14
1 8 9 29
2 2 16
1 20 49 8
1 4 34 17
2 5 10
1 18 12 47
1 21 11 42
2 1 1
2 6 14
1 13 28 32
1 4 9 35
2 9 20
1 21 38 31
2 7 20
2 5 18
2 2 17
1 10 21 2
1 19 1 4
2 1 1
1 4 43 11
1 12 31 49
2 3 7
1 3 50 23
1 11 16 6
1 5 39 13
2 11 12
2 5 10
1 9 3 42
2 4 4
1 4 24 35
1 9 27 21
2 15 15
1 21 25 9
1 16 22 24
2 1 15
2 9 18
1 8 8 48
2 10 18
1 3 4 49
1 6 19 18
1 11 38 47
2 1 13
1 11 42 22
1 20 44 33
1 17 4 48
1 17 31 48
2 2 8
2 2 16
2 6 19
2 7 8
1 18 31 27
2 16 17
1 15 42 21
2 12 18
2 3 10
2 9 9
2 9 16
2 5 7
1 16 32 31
2 6 6
2 4 9
2 16 17
2 9 18
1 12 43 42
2 7 16
1 5 6 28
1 21 19 1
1 18 32 16
1 8 1 1
2 8 12
2 3 6
1 3 10 44
2 9 21
1 9 39 27
1 12 27 24
1 6 8 14
1 5 11 22
1 4 39 36
2 7 10
1 10 26 48
1 16 50 45
2 18 21
2 2 3
2 3 5
1 4 7 28
1 11 49 1
1 13 38 16
1 11 4 39
2 11 14
1 6 12 46
1 6 3 30
1 17 24 44
1 11 50 34
2 4 6
2 11 17
2 4 18
1 19 16 46
1 14 8 23
1 7 32 41
1 15 42 49
1 2 5 16
2 1 3
1 19 30 50
2 7 7
1 15 26 36
1 16 17 15
1 12 19 2
2 5 10
1 16 1 33
2 18 18
1 21 24 39
1 19 34 46
1 19 5 14
1 17 10 10
1 16 21 46
2 3 7
2 5 13
2 15 19
1 20 47 4
2 3 12
1 1 18 11
2 1 5
1 19 36 24
1 1 44 8
1 11 32 43
1 17 40 44
1 2 18 5
2 7 16
2 2 13
1 17 33 22
1 10 8 14
2 1 15
1 7 27 33
2 10 19
2 13 14
2 14 15
2 10 17
2 3 5
1 13 45 31
2 4 21
1 21 48 4
2 4 8
1 2 45 17
1 4 27 37
1 9 20 34
1 13 25 20
2 11 12
2 4 6
1 9 32 24
2 8 11
1 20 42 45
2 5 17
1 14 2 33
1 6 18 45
2 6 10
1 19 39 21
2 13 21
2 6 6
2 5 16
2 2 13
2 3 7
1 3 14 6
2 20 21
2 1 1
2 4 5
2 5 7
1 5 10 47
1 21 44 10
2 11 12
2 2 2
1 2 25 24
2 8 11
1 13 11 36
2 2 2
2 5 6
2 7 8
2 8 15
1 15 43 10
1 11 34 34
2 10 18
1 10 14 28
1 1 38 39
2 2 4
1 8 36 32
2 2 2
1 21 38 49
2 1 1
1 19 39 5
1 6 13 33
1 8 36 25
2 8 14
1 18 26 14
2 6 7
2 2 2
2 4 7
1 7 24 12
2 3 3
2 7 9
1 21 22 6
2 1 2
1 15 13 2
1 9 9 48
1 9 23 25
1 14 15 1
1 3 44 35
1 11 46 21
1 19 44 4
1 3 34 49
2 14 19
2 4 7
1 11 42 17
2 4 18
1 16 33 24
2 8 19
2 5 17
1 12 32 12
2 12 18
1 11 43 7
2 5 11
2 20 20
1 9 44 34
1 1 16 39
1 16 7 19
1 3 27 33
2 12 14
2 4 4
1 9 6 36
1 20 42 38
2 1 13
1 7 19 11
1 8 21 48
1 13 47 13
1 9 44 9
2 1 3
2 4 4
1 16 27 49
2 2 13
1 11 14 16
1 8 32 47
1 1 14 39
1 10 8 7
2 11 13
2 5 7
1 8 22 14
2 1 17
1 14 36 45
1 19 35 48
2 14 18
2 6 11
1 21 42 1
1 16 27 20
2 1 10
1 18 34 8
1 12 35 26
1 20 48 41
1 21 26 47
1 1 43 27
2 15 17
2 13 13
1 8 41 42
1 19 39 38
1 7 42 35
1 9 17 30
1 9 24 48
2 13 16
2 4 18
1 21 20 2
2 5 9
1 8 43 20
2 10 16
1 18 7 11
1 1 40 25
2 4 6
1 20 17 4
2 6 8
1 3 45 22
2 3 3
1 7 21 8
2 2 16
2 1 1
2 1 1
2 5 8
2 8 11
2 3 6
1 9 47 10
2 3 4
2 1 2
1 7 12 6
2 13 21
2 15 17
1 2 21 22
1 9 28 21
1 21 31 37
2 6 17
1 21 15 12
2 3 15
1 12 20 39
1 20 16 29
2 12 20
2 2 2
1 17 21 39
2 15 20
1 16 23 24
2 8 21
1 14 49 5
1 7 43 20
1 16 48 46
2 11 20
1 16 35 29
1 16 31 37
2 8 16
2 3 4
2 7 10
2 2 8
1 12 46 22
2 3 16
1 7 33 14
2 2 14
1 1 23 7
2 3 12
1 18 23 36
2 1 3
1 10 35 19
2 10 19
1 13 12 29
1 21 42 25
1 5 1 16
2 2 9
1 21 15 33
1 9 36 13
2 6 16
2 5 8
2 1 6
2 6 7
2 5 6
2 12 16
2 3 4
2 13 20
1 17 37 1
1 21 16 8
1 9 30 49
1 15 13 33
2 2 11
2 5 16
1 8 10 47
1 16 2 47
2 3 3
2 8 15
1 19 50 12
2 10 10
2 2 2
2 7 11
2 8 11
1 12 35 22
1 19 48 50
1 18 44 41
1 20 33 27
1 10 40 28
1 17 49 34
1 3 32 36
1 17 4 21
2 5 7
2 2 2
1 5 20 28
1 10 19 11
1 3 46 30
2 3 20
2 1 17
1 2 45 8
2 8 20
1 4 22 38
1 16 22 39
1 19 17 46
2 9 9
1 12 18 42
2 5 5
1 6 40 11
1 17 26 5
1 16 44 48
1 3 15 38
1 12 41 3
2 2 20
2 4 6
1 11 41 4
1 3 15 27
1 13 25 10
1 16 39 18
1 6 14 15
1 20 17 33
2 1 9
1 13 3 40
1 4 33 7
1 19 23 13
2 10 19
1 6 40 42
1 18 46 50
2 9 12
2 5 6
2 1 16
2 4 11
1 12 13 45
2 1 2
1 21 9 16
1 17 7 4
1 21 1 12
2 9 18
2 1 2
1 15 7 50
2 8 10
1 14 32 49
2 4 17
1 6 42 45
2 3 13
2 7 12
2 3 3
2 7 16
2 1 14
2 8 13
1 4 33 41
1 19 14 15
1 16 25 50
1 1 2 43
2 5 20
1 1 37 42
2 1 4
2 2 2
2 4 4
1 17 13 27
2 9 12
1 6 15 10
1 17 11 9
2 1 2
2 15 21
1 12 33 25
2 17 17
1 19 28 17
1 11 44 16
1 2 24 39
1 17 5 29
2 12 12
1 7 11 20
1 13 18 43
1 20 9 34
2 1 5
2 14 14
1 16 21 1
1 20 3 50
1 6 46 29
2 1 1
2 13 14
2 7 17
2 9 14
1 1 19 34
1 4 35 30
1 12 30 2
1 8 3 31
2 1 1
1 21 9 16
2 3 10
2 3 11
2 14 18
1 8 13 5
1 6 36 26
2 3 8
1 15 31 5
1 11 18 27
2 2 16
1 3 18 10
1 18 9 32
1 20 27 23
2 20 21
1 4 30 8
1 19 9 3
2 4 7
1 10 12 5
2 7 15
1 19 5 46
1 21 6 33
1 21 40 34
2 6 7
1 18 48 36
2 6 7
1 15 24 37
1 7 38 13
2 4 6
2 2 2
2 5 6
1 4 40 20
1 20 48 19
1 10 6 17
1 15 45 38
1 8 38 4
2 13 17
2 13 14
2 2 10
2 7 21
1 13 42 7
2 5 7
2 14 14
2 7 7
1 12 10 31
2 3 20
1 5 28 3
2 13 14
1 11 17 11
2 2 7
2 8 18
2 12 21
1 18 17 4
1 6 13 11
2 3 15
2 2 19
1 7 47 39
2 8 20
2 4 6
1 13 13 24
1 7 3 17
1 4 22 47
2 2 6
2 13 21
1 16 14 29
1 18 20 36
1 19 17 38
2 8 19
2 1 16
2 3 3
1 6 33 19
1 17 28 36
2 17 19
2 1 4
2 12 19
1 9 10 31
2 4 13
2 10 11
2 12 15
2 18 18
2 8 10
2 8 15
1 12 18 4
2 9 16
1 21 47 15
2 7 19
2 1 4
1 6 40 36
1 5 32 42
1 19 41 12
2 2 6
1 4 10 3
2 15 18
2 1 3
2 15 19
1 2 28 10
1 21 47 13
2 1 5
2 3 3
1 13 20 36
2 9 14
2 1 10
1 3 31 19
1 8 11 40
2 1 8
1 8 47 7
2 1 3
1 3 10 37
1 19 24 27
1 15 38 25
1 1 50 43
1 16 45 29
